1101101010101111100111000011001101001000001110001110100011101010000100000100000000000001110
0000000000011110010001111010110010001110001111000100001101100101001111111000101111000101110
1111110010101110100110010111001100011001000101000111001001101000100100001000111101001011011
1111110101111010111011010111101011110010000111000000011001110001001100000101101000101101010
0111100011001110110010011111101101010000010001001101001101111100101011000010000010000010010
1101101010011110011011010111110100000010001111100000100000111010101010000000100111010011010
0111011000010110110010110111111100100111101111001100000001110010001001000011111011000011110
1000010110011111100111100000000011001111101110100101010001111000001011111011111111001110001
0111100010001111011010101000001111100001001100000000011001101011110001000010000101001100010
1111110010001111100100100011010000000000001111010000001101110100010000010000001011010011110
0100100011010111111010101000000100100110110000111100010001001010001110000100001101100101000
1110000010000110100101011101111110111011101111110100111011111010000101111000001111000100110
1101010000101110110011110000101011100010001011100110011001101000001100010000000011111011000
0010111010111110010110010101100101011111001111110110001101101000001000101001010111000100110
1000111010001111100011010111111111101111111111111100100111111100001000110101100011000011110
1101101011000110110011010111100000000011001111100010101010001011000000011000111101000111110
1101100010100110100001010111011001110000001000010101010101011111000011010100001010111001110
0110100010100010110100111001101001101111101011110101101001111110010001111011110011000011000
0011100011011110110111010111101001100100001111001010011010111110000100000011110011000011110
0000000000000010000111010111101010110100000010010010101101110100000001111111111010000101110
1101110010001110110111000110100010001101001111001011000110101001001000001001101000000001010
0010100000111110101100011001101111000000001011110000111101010001100110000000010011000111010
1111111000100110101011101110000101101010110110100000000000111011100100010000101100000101010
0101001111010110011011000001001011110000001111000001011000111110101010000010110011000110010
1111100010010110110000101001100100101010001111001000101001111111100001111011110111000010010
0000001111011111100001101000010001100000001111100000001000110110001000100001000001000101010
1111111011101010111001000111110011001011001101101000101101001000001100000100000000000011010
0101011111111010111000001000001100100100011111000000011001110001101111101011010110111100100
1110100100011110000011010111111001010000101011100000100001101111000111110000010011000011110
0001100000001100111100101000010100110000100001000000000000110000000100000000011000000011010
1001110100010110011110011111111001001001001111000101001011111111001100110011101001000011110
1111000101010110010101001111000100010001011000000101000000110101111101111011111111000010010
1111110010000110101100101001100000111000101110001000111101001010011001000010000001000110110
1111100110001110100100100111000011110100111101100000001010111100000001100010101001000010010
0011101110011110101001010110001100111010001110000000011100011000001000100001000001000100110
1100100000001110101111011000000001101000100111000010000001101000000000100001001000000101000
1111011010110111111100101000010101100000110000000001000101001001000000001000011111000001010
1111110110000110110101001000000010100101010010000110101100101100001001010100101111010101110
0000000000000010010100101000011011110100001111001000011011110111110000000100000000000101010
1110111010111010100011010101101010100100001101000111011101101011001000000011001110000100010
0001000001110110100100100110010100000000100000000001000100110000010000000000000111000110010
1011000110101011100010001000010101100001001011000000100101000011000101000010000010000100000
0000000000100110110100100000101010001010001111000010000001110001100101000001000011000110010
1110100000100010000100101000010100001100100001010110000101100110101110000010000110010010010
1101001000010010000000011111001001000000001010110010101011101000000001000010000100000011110
0011110010101111100010011011000111110011111111100000001011101000000011100001111110000111011
0000000000000110010011001000111101110111101111000000000000110100000000000100000011000111110
0111111000010111100011010011110100000110001111000010101101111100010001000000011011000011010
1111110010111110101001011111111111010100001110000000011000111000101011111011110101000011010
1110011110000010110100100101000111001000000100001001101010001101000100000011110000000101010
0000000110011111111101100100011110000000001111000100101001111101100110010000101101111101100
1111110010110111111100101100000010100100000000000010001001110100001000011111101100000101010
0010100010101011111111000001001001110000011111110100000001111000011001000110100010000011010
1001000000101110110100111000000111110111001111110000011011101000001111010010100101000101110
0101100010001110111111000100100100001000100000000000101101110011010001011010100011000001010
1111110000010110000100101100010010100010000010000100100011101100010000000111101011000011010
1101111111111011111110101000001011001001001111000111011111010110100110000010110110000101010
0000000000000110000100100000011010001000110000000100000000110001011011110111100011000110010
0011101000000011111101011011011100000100000111100110011001001000001100000100000011100011110
1011101110010111100011010111101001111000001111100010001000111100010000110001101011000011110
0111100010101011011101010101101101000000001111000111101011100000001100001000010110000011100
0001000010111110011101011111100101100011011111011000001001101100001101110100101110000111011
1111100010101010110101010011101111110000001011110101001111100100001010000100000111000011000
0010000000001110111100101000010110110000001111001000000000011000010000001000010101000101010
1110000100100000010100101000010100110000011111000000000000110000000000000000010000000111010
0000000000000010000111010111101010001001001010000111110111110100110001111110000010000101110
1111100100010110100101010011011100001000000000010011101100110010001000000010000011000111110
1111110010010110100100100000001010001000000000101010110011000100010000000000000011000111110
0001101010000110010100100100011000011111101111100000000101100111101000111100101001000010110
1111000010100110000011010111110101111000000000000001001000101100001011110000011010000001110
0100101101101010111101011010101011010000001111000001001101111100010000000001000010000101010
1000001111101010111011011111101110100000011111000011011000011000101011111011110100111100110
0111101010100110100100001110011011100110000000100001011110101100001000100001000100000101010
1110100100011011111001011100000101101000001111000000101011101101000100100000000000000011110
1110110111101110111000101000000100100100001111001000100000101000001000001000010100000101010
1111110010101010111011010111101001001100001111000010101111111000100010010000100010000011000
0010100000000110000100100000000000110111010111010000001100100010000111010000101001000010010
1111110000101110111110110000000100110100001111010000000000010100010000000100000011100011010
1001100010111110000100101111111010110000011000011000001110111100010000110001001111000011010
0001100010100010100100101000011101110110011111000000000001000010001000010100000100000011010
0101110010110010000100100000110100110100010000110000000100001110101010010010111110000010010
0110111000011010111101010110100001001100001111100010101001111101000101001010010010000011010
0000001000000110100110000111101100110000010000000000010000111000001111000010000101000100010
0000000000000110000011010111101011110000000000000101011000110100010100000000000001000101010
1111100010000010000100101000010000110100000000100000001100100000110111100000101100000010010
1000000000011010111011011111101100101101101111001010100011010010000000000100001000000100010
1101100110001110010000101000100101110001001111000000001001111100000101100100001011000010110
0000000000100110100100101000011100001000010000001000111010100000000000000100001001000101010
1111110010101110011000101100000010100000011111000000001100101000000001111000001000000101010
0111100010011110001010101000000001110000100000110000001010101000001101110100001011000010010
1111110010111010111011010111111000000000000010001100101111101001111101000001001000000011110
